1 0.019241 0.939654 0.988385 0.0216149 0.228684 0.606863 0.992362 0.880706 0.967892 0.907105 0.819015 0.320123 0.996844 0.905509 0.630448 0.982327 0.939654 0.0224785 0.307919 0.890821 0.230754 0.692287 0.186744 0.586485 0.833432 0.467567 0.136571 0.134298 0.907105 0.0140975 0.0405495 0.850457 0.890821 0.289635 0.112654 0.323719 0.986806 0.878118 0.132723 0.692287 0.751175 0.967752 0.116753 0.642853 0.0345731 0.807492 0.0294945 0.104382 0.0334147 0.271509 0.737602 0.819015 0.022257 0.0279098 0.898139 0.767059 0.651582 0.969012 0.25748 0.966636 0.170869 0.509457 0.405053 0.958762 0.98934 0.250845 0.0750253 0.997364 0.194174 0.0534554 0.953158 0.573773 0.121093 0.0723142 0.162761 0.914434 0.405053 0.927233 0.966636 0.0522989 0.997364 0.692287 0.969012 0.0139829 0.95719 0.186478 0.878118 0.745102 0.576467 0.00996922 0.0232144 0.149191 0.206391 0.961001 0.32287 0.529025 0.00731518 0.137814 0.0960161 0.996844 0.575682 0.152232 0.83986 0.960364 0.95148 0.504647 0.0225437 0.983055 0.109585 0.589038 0.10868 0.948686 0.943017 0.065479 0.170278 0.988385 0.204514 0.939654 1 0.945624 0.293484 0.480181 0.188618 0.874269 0.138529 0.0918601 0.0519736 0.0163876 0.139707 0.0363894 0.315723 0.0107702 0.903079 0.0321545 0.0226244 0.0532526 0.200562 0.114394 0.00729254 0.0416451 0.0208828 0.0294688 0.177526 0.007001 0.0404167 0.101097 0.0161421 0.0192233 0.0064868 0.0145298 0.0149132 0.0335803 0.0229512 0.0166849 0.00714364 0.153415 0.0105904 0.00826138 0.0350407 0.0263576 0.0184655 0.101293 0.0311352 0.0367829 0.8747 0.874488 0.950449 0.00392769 0.0330746 0.798365 0.00993669 0.882189 0.0239894 0.0105642 0.606737 0.131557 0.0114057 0.13908 0.291765 0.14654 0.949328 0.908416 0.78825 0.0596562 0.0243036 0.0444876 0.0166785
0.019241 1 0.0233296 0.0211657 0.0330848 0.0670374 0.0218298 0.0206775 0.0185321 0.0220016 0.0255952 0.0310761 0.0495971 0.0182486 0.0244391 0.0208696 0.0195733 0.0233296 0.0376325 0.0376154 0.0263046 0.00862714 0.0280633 0.0608244 0.0245202 0.0212432 0.0484006 0.0131595 0.0126749 0.0255952 0.0481457 0.0286318 0.0211816 0.0263046 0.0598678 0.0196015 0.0581396 0.0212764 0.0181838 0.0844736 0.0280633 0.0252208 0.021509 0.041795 0.0284865 0.102286 0.022811 0.0205926 0.11594 0.046411 0.0418509 0.0254899 0.0310761 0.0349732 0.0211504 0.0165425 0.0224393 0.0280609 0.0208573 0.0890323 0.0221534 0.00840052 0.0388793 0.0251295 0.017549 0.0189621 0.0664725 0.195567 0.0183375 0.00950585 0.378381 0.0170932 0.0269538 0.082966 0.00872705 0.0124055 0.0172998 0.0251295 0.0237578 0.0221534 0.174247 0.0183375 0.0280633 0.0217985 0.0475302 0.0234127 0.0671449 0.0181838 0.0237628 0.0347513 0.0972763 0.0212661 0.0703229 0.0327062 0.0177094 0.0662017 0.0242884 0.0535521 0.196066 0.0434896 0.0182486 0.0331152 0.0695867 0.0201609 0.02301 0.018211 0.0384741 0.0810139 0.0212853 0.142589 0.0233744 0.0184573 0.0200225 0.0178076 0.184669 0.0516623 0.0211657 0.0328421 0.0233296 0.019241 0.0230339 0.056198 0.0317099 0.055582 0.0257135 0.0131747 0.114602 0.234438 0.0642986 0.0134392 0.0633319 0.0467446 0.0372909 0.017207 0.0494727 0.112498 0.110318 0.0583611 0.124104 0.0491772 0.0805198 0.0299974 0.0277173 0.07996 0.0548355 0.0826258 0.0888334 0.0493302 0.0289712 0.0556886 0.013713 0.329845 0.0386521 0.0843262 0.440321 0.0464737 0.104719 0.0144701 0.0227011 0.020895 0.0665743 0.0490072 0.0185203 0.036604 0.0234749 0.0281668 0.0234555 0.0206564 0.0441033 0.0380998 0.0297769 0.0343191 0.024122 0.0375508 0.126685 0.0399025 0.013079 0.166472 0.0133202 0.0665361 0.01422 0.0198606 0.0179475 0.0303572 0.215882 0.0184623 0.0243683 0.0553463
0.939654 0.0233296 1 0.968078 0.023403 0.235527 0.623408 0.952544 0.846476 0.979441 0.923578 0.884693 0.33558 0.917019 0.930278 0.636259 0.939154 1 0.0240238 0.308611 0.913951 0.213703 0.755754 0.191596 0.589194 0.836289 0.485363 0.134615 0.132287 0.923578 0.016397 0.0403583 0.888565 0.913951 0.297993 0.113626 0.324349 0.958612 0.830205 0.128251 0.755754 0.761222 0.973293 0.119448 0.64124 0.0410089 0.814851 0.0284191 0.115826 0.0376984 0.272904 0.750219 0.884693 0.0244113 0.0277831 0.831911 0.737979 0.646702 0.967963 0.295729 0.979547 0.171376 0.518756 0.441697 0.892523 0.945554 0.270197 0.0860101 0.91938 0.205601 0.0565816 0.880328 0.604055 0.122984 0.0728759 0.162611 0.849322 0.441697 0.997927 0.979547 0.0632392 0.91938 0.755754 0.97488 0.016254 0.968854 0.181801 0.830205 0.759028 0.600749 0.011516 0.0223694 0.145249 0.208356 0.896962 0.347404 0.554716 0.00837169 0.145039 0.100418 0.917019 0.573815 0.146216 0.820561 0.983369 0.902519 0.514507 0.0264321 0.943661 0.125962 0.604637 0.108617 0.945968 0.903761 0.0782518 0.182682 0.968078 0.206137 1 0.939654 0.961904 0.312027 0.470626 0.203311 0.909696 0.136243 0.103161 0.0614659 0.0192347 0.132817 0.0422433 0.320841 0.0126364 0.796648 0.0366396 0.0266905 0.0553946 0.226287 0.121246 0.00813337 0.0485201 0.0235572 0.0314777 0.191676 0.0078691 0.0417244 0.111909 0.0187793 0.0216451 0.00729484 0.0153078 0.0177837 0.0365181 0.0274103 0.019832 0.00798493 0.1581 0.0112682 0.00937628 0.0332797 0.0308371 0.0214562 0.0980613 0.0333639 0.0355344 0.934923 0.839673 0.927204 0.00419717 0.0362753 0.818995 0.0116229 0.856992 0.0273534 0.0123142 0.655167 0.1295 0.0134608 0.136444 0.303864 0.144711 0.916678 0.810758 0.823998 0.0698927 0.0242494 0.0432199 0.0194188
0.988385 0.0211657 0.968078 1 0.0233885 0.236073 0.625978 0.992119 0.882885 0.978997 0.935204 0.857423 0.333534 0.975074 0.934936 0.644268 0.979443 0.968078 0.0242083 0.313127 0.921096 0.23682 0.727582 0.194018 0.596204 0.85153 0.481379 0.1434 0.140913 0.935204 0.0155648 0.0428373 0.874902 0.921096 0.302665 0.118759 0.33372 0.991833 0.879193 0.134015 0.727582 0.762626 0.974393 0.121503 0.661281 0.0379206 0.812195 0.0308862 0.110803 0.0365763 0.275594 0.759286 0.857423 0.0241606 0.0294629 0.88586 0.774334 0.673236 0.972269 0.274367 0.977003 0.179566 0.521415 0.428287 0.944094 0.981626 0.264688 0.0819592 0.976546 0.205019 0.0559794 0.933955 0.596126 0.125047 0.0763098 0.172119 0.88537 0.428287 0.961245 0.977003 0.0578353 0.976546 0.727582 0.97634 0.0154361 0.986015 0.187435 0.879193 0.759518 0.596877 0.0110027 0.024154 0.152186 0.212864 0.947626 0.338273 0.560937 0.00811626 0.143503 0.102236 0.975074 0.591188 0.152898 0.858487 0.976338 0.929735 0.514747 0.0247185 0.990195 0.118197 0.60748 0.114017 0.964804 0.939049 0.0713518 0.18015 1 0.210763 0.968078 0.988385 0.970206 0.306111 0.486314 0.199035 0.90926 0.145485 0.0980967 0.0563714 0.0182177 0.144533 0.0397329 0.327506 0.0119921 0.872238 0.0351496 0.025146 0.0566662 0.211691 0.120463 0.00806268 0.0457174 0.0228835 0.0321258 0.191436 0.0077227 0.0430221 0.110754 0.0178639 0.0210292 0.00721167 0.0157058 0.01643 0.0361688 0.0253729 0.0182771 0.00791454 0.159173 0.0115879 0.00918443 0.0366972 0.0288905 0.0204922 0.106138 0.0336604 0.0385422 0.909888 0.886259 0.943719 0.00428199 0.0357909 0.828029 0.0110603 0.896398 0.026264 0.0117633 0.634565 0.138162 0.0126666 0.145974 0.310229 0.153486 0.93786 0.882604 0.814149 0.0645775 0.0257478 0.0463661 0.0184152
0.0216149 0.0330848 0.023403 0.0233885 1 0.00929391 0.0218909 0.0232981 0.020564 0.0231263 0.0285786 0.0323176 0.0552157 0.0206167 0.0269253 0.0229172 0.0220483 0.023403 0.739412 0.0428363 0.0293681 0.0294915 0.0266683 0.00845573 0.0214194 0.0217197 0.0481984 0.0421551 0.0419523 0.0285786 0.545382 0.120495 0.0219755 0.0293681 0.0137617 0.0376365 0.0125958 0.0239158 0.0202646 0.0639158 0.0266683 0.0234872 0.0225851 0.00532628 0.0311831 0.0478884 0.0225391 0.574667 0.113078 0.129534 0.0468183 0.02696 0.0323176 0.73493 0.132679 0.0183673 0.0250982 0.0313722 0.0218849 0.0138827 0.0233446 0.0329414 0.0401827 0.0227973 0.0196057 0.0209537 0.0140985 0.126982 0.0207045 0.00989229 0.0341459 0.0191102 0.0226564 0.0912533 0.0234104 0.0392964 0.0189601 0.0227973 0.0235363 0.0233446 0.0815462 0.0207045 0.0266683 0.023075 0.547585 0.0257514 0.073576 0.0202646 0.0218424 0.0350287 0.00892876 0.564743 0.0763348 0.00755641 0.0197733 0.0648665 0.0233439 0.00963816 0.0240942 0.00816357 0.0206167 0.0355529 0.0617272 0.0222738 0.0241827 0.0194551 0.0392675 0.00735933 0.0244431 0.131941 0.0253646 0.207169 0.021426 0.0192537 0.011316 0.0100268 0.0233885 0.00747544 0.023403 0.0216149 0.0253345 0.0631404 0.0312615 0.0114179 0.0280947 0.0425991 0.11835 0.0366758 0.106841 0.043427 0.0367801 0.0518544 0.0690661 0.0215976 0.0308578 0.116544 0.0176226 0.00798977 0.0180074 0.0076057 0.0396393 0.131117 0.0886274 0.0641712 0.00767962 0.0145583 0.0583894 0.419357 0.130293 0.0360653 0.0684302 0.0270815 0.66425 0.0899355 0.0253355 0.00663543 0.0135761 0.0811168 0.0581827 0.395458 0.0348596 0.414944 0.182914 0.732678 0.541791 0.0294385 0.0298072 0.0223707 0.117774 0.725984 0.0338775 0.0902515 0.0298212 0.022807 0.0344851 0.0360272 0.0432924 0.0591029 0.0459953 0.0638981 0.0461147 0.0215177 0.0225288 0.0324147 0.0365879 0.130124 0.526112 0.363431
0.228684 0.0670374 0.235527 0.236073 0.00929391 1 0.148416 0.236895 0.197304 0.233257 0.244113 0.239382 0.0963008 0.221824 0.243574 0.149862 0.232617 0.235527 0.0105585 0.0868945 0.244306 0.0623645 0.185535 0.900184 0.171224 0.187682 0.14544 0.041827 0.0413387 0.244113 0.00707745 0.0162657 0.198961 0.244306 0.490495 0.0530811 0.537093 0.239368 0.192664 0.0415484 0.185535 0.183412 0.230333 0.65785 0.170795 0.0148523 0.19387 0.0125453 0.0367828 0.0143404 0.0775853 0.18878 0.239382 0.0109677 0.0113166 0.188303 0.188861 0.171375 0.226174 0.475074 0.234238 0.0496522 0.145863 0.159251 0.213429 0.228324 0.466651 0.0430221 0.222447 0.0613636 0.145912 0.209837 0.17279 0.0384023 0.0283857 0.0496566 0.200104 0.159251 0.234866 0.234238 0.0209853 0.222447 0.185535 0.232734 0.00703812 0.241899 0.0548054 0.192664 0.177062 0.161373 0.0512986 0.00929808 0.0409222 0.340146 0.214748 0.105408 0.188547 0.0232736 0.370346 0.364444 0.221824 0.155366 0.0399166 0.193907 0.237847 0.209467 0.145626 0.113518 0.235623 0.041561 0.149875 0.0396285 0.226436 0.21294 0.281176 0.382501 0.236073 0.342431 0.235527 0.228684 0.24463 0.0945115 0.121412 0.380906 0.238504 0.042693 0.0328076 0.140832 0.00716075 0.0410265 0.0151851 0.0917002 0.00467009 0.207823 0.0167712 0.0117064 0.19935 0.412281 0.445348 0.0318436 0.0228043 0.00898095 0.0189289 0.126193 0.0346856 0.13171 0.081506 0.00780232 0.0085521 0.0172526 0.00737505 0.0691952 0.0145804 0.0131157 0.0747717 0.029403 0.366564 0.00531772 0.00453571 0.0144317 0.0119563 0.00747835 0.0314602 0.0115307 0.0154707 0.243807 0.237519 0.225054 0.0194863 0.0137676 0.231456 0.00434342 0.239818 0.0132066 0.034183 0.179149 0.0408555 0.0265896 0.0442524 0.160444 0.0453986 0.219851 0.213637 0.231453 0.166175 0.00999096 0.0144432 0.00807339
0.606863 0.0218298 0.623408 0.625978 0.0218909 0.148416 1 0.624675 0.703899 0.639961 0.632012 0.61567 0.438596 0.592793 0.610509 0.945482 0.596634 0.623408 0.026798 0.473755 0.624351 0.185768 0.645091 0.122644 0.756987 0.813689 0.473987 0.120914 0.119095 0.632012 0.0167811 0.0331483 0.744579 0.624351 0.218262 0.138276 0.233284 0.62847 0.706129 0.167534 0.645091 0.80653 0.627362 0.0795923 0.57496 0.0308867 0.800146 0.0268055 0.138052 0.0308882 0.413794 0.67499 0.61567 0.023001 0.0246 0.68436 0.646593 0.592577 0.620769 0.184049 0.639167 0.157277 0.474083 0.353965 0.564477 0.582376 0.198554 0.0757382 0.594115 0.15083 0.0626546 0.556034 0.764679 0.1868 0.085059 0.146282 0.567453 0.353965 0.62172 0.639167 0.0567139 0.594115 0.645091 0.636825 0.016642 0.642897 0.166496 0.706129 0.804229 0.545508 0.00658992 0.0239782 0.195751 0.147992 0.567615 0.418473 0.410416 0.0046583 0.122447 0.0676687 0.592793 0.531104 0.184398 0.715469 0.645923 0.577701 0.468264 0.014673 0.63136 0.122468 0.960132 0.114293 0.595182 0.564933 0.0470377 0.14094 0.625978 0.14636 0.623408 0.606863 0.616355 0.445204 0.589969 0.153056 0.612687 0.122767 0.127945 0.0399094 0.0193363 0.119189 0.0271934 0.453958 0.0106615 0.536325 0.0194074 0.0273372 0.0316446 0.139202 0.0765858 0.00467917 0.030311 0.0207954 0.0220958 0.121633 0.00457022 0.0235413 0.0628545 0.0186677 0.0193332 0.00450557 0.0120808 0.0138717 0.0337046 0.0240568 0.0115992 0.00436093 0.150733 0.00720925 0.00651513 0.0324036 0.0227956 0.018606 0.108929 0.0315018 0.0331529 0.639208 0.585594 0.623878 0.00320121 0.0332759 0.582073 0.010549 0.598015 0.0136936 0.00858827 0.6997 0.117056 0.0130949 0.117513 0.20008 0.127967 0.613968 0.547921 0.584415 0.0458729 0.0217727 0.0444631 0.0182864
0.992362 0.0206775 0.952544 0.992119 0.0232981 0.236895 0.624675 1 0.901284 0.972772 0.948018 0.868172 0.34682 0.981353 0.944357 0.652249 0.987448 0.952544 0.0241901 0.333215 0.934562 0.242864 0.740573 0.194883 0.608992 0.848041 0.507203 0.147651 0.145155 0.948018 0.0151656 0.043761 0.868613 0.934562 0.307693 0.121412 0.339236 0.998546 0.896076 0.14345 0.740573 0.773245 0.966483 0.121658 0.690917 0.0370228 0.823306 0.0318692 0.11255 0.0359602 0.294411 0.784622 0.868172 0.0239896 0.0301104 0.900418 0.808191 0.699033 0.962307 0.267288 0.973248 0.181977 0.552114 0.431411 0.944872 0.981183 0.267744 0.0806451 0.982468 0.206288 0.0576428 0.936219 0.60025 0.130372 0.0778743 0.175448 0.892942 0.431411 0.942373 0.973248 0.056172 0.982468 0.740573 0.97311 0.0150429 0.979654 0.201853 0.896076 0.757718 0.622741 0.0107004 0.0250802 0.161005 0.214703 0.948159 0.349826 0.555455 0.00785183 0.149003 0.102016 0.981353 0.619922 0.164275 0.869946 0.972998 0.927118 0.547036 0.0241726 0.991044 0.118043 0.611759 0.117814 0.952972 0.932673 0.0697747 0.181556 0.992119 0.212587 0.952544 0.992362 0.973327 0.318169 0.515527 0.201263 0.916838 0.149744 0.0990539 0.0559484 0.0176152 0.150529 0.0389529 0.342827 0.0115744 0.891573 0.0344296 0.0243191 0.0575268 0.20168 0.123821 0.00781885 0.0445642 0.0224649 0.031702 0.191029 0.00750948 0.0436444 0.108548 0.0173535 0.0206924 0.00697171 0.0156571 0.0160255 0.0362023 0.0246917 0.0179434 0.00765858 0.165903 0.0114108 0.00888844 0.0377681 0.0282211 0.0198529 0.109956 0.0335343 0.0397215 0.916894 0.907742 0.951492 0.0042301 0.0356588 0.851499 0.0106797 0.91767 0.0256904 0.0113483 0.651072 0.142291 0.012252 0.150413 0.315041 0.158532 0.943795 0.903223 0.836504 0.0641805 0.0262065 0.0480311 0.017942
0.880706 0.0185321 0.846476 0.882885 0.020564 0.197304 0.703899 0.901284 1 0.867298 0.887097 0.819176 0.411258 0.869222 0.866016 0.767004 0.878701 0.846476 0.0229792 0.404695 0.879035 0.25781 0.83846 0.161579 0.600405 0.900013 0.543743 0.158853 0.156089 0.887097 0.0135204 0.0377341 0.922934 0.879035 0.29662 0.141527 0.322669 0.903678 0.986953 0.155078 0.83846 0.798745 0.862258 0.102948 0.80501 0.0312652 0.850244 0.0292474 0.119586 0.0315317 0.356283 0.907697 0.819176 0.0213788 0.0269746 0.980449 0.922965 0.81719 0.849537 0.230205 0.870393 0.193105 0.63278 0.435395 0.827911 0.86299 0.258379 0.0735886 0.870216 0.198864 0.0611606 0.819174 0.58708 0.149679 0.0915101 0.189621 0.782719 0.435395 0.835884 0.870393 0.0479361 0.870216 0.83846 0.870074 0.0134305 0.888694 0.221004 0.986953 0.767162 0.721391 0.00810836 0.0244281 0.199413 0.204297 0.831201 0.379211 0.538101 0.00562667 0.153654 0.0831324 0.869222 0.72392 0.204195 0.969238 0.876641 0.819103 0.622596 0.0176812 0.901671 0.114354 0.688206 0.118724 0.834822 0.811617 0.0544761 0.178554 0.882885 0.202322 0.846476 0.880706 0.88261 0.348225 0.644984 0.196274 0.848196 0.16102 0.106329 0.0493115 0.0153252 0.163174 0.0316178 0.412285 0.00989454 0.799307 0.0248495 0.0215008 0.0438435 0.172058 0.105465 0.00571135 0.0358892 0.0201866 0.0243109 0.158491 0.00556071 0.0327839 0.0810656 0.0148035 0.0185187 0.00503565 0.0130537 0.0135845 0.0327039 0.0202292 0.0141094 0.00547559 0.189812 0.00824083 0.0065167 0.0345142 0.0224663 0.0169431 0.113115 0.0301777 0.0357545 0.850077 0.858253 0.847611 0.00331111 0.0322339 0.816245 0.0091286 0.865138 0.017951 0.00895644 0.687817 0.153124 0.0111137 0.155494 0.271434 0.168936 0.834789 0.815697 0.774233 0.0568431 0.0230878 0.0471147 0.0151497
0.967892 0.0220016 0.979441 0.978997 0.0231263 0.233257 0.639961 0.972772 0.867298 1 0.918194 0.868689 0.344825 0.952993 0.914384 0.658991 0.947851 0.979441 0.0239409 0.319678 0.906893 0.219985 0.727632 0.186922 0.607268 0.864135 0.500387 0.136452 0.13407 0.918194 0.0157214 0.0410052 0.902397 0.906893 0.2955 0.114459 0.325391 0.974583 0.855449 0.135614 0.727632 0.777223 0.993027 0.116621 0.643395 0.0392684 0.852122 0.0291442 0.11839 0.0365605 0.283238 0.752805 0.868689 0.0241808 0.0281944 0.860006 0.750294 0.651005 0.99321 0.291406 0.997694 0.172385 0.529051 0.432506 0.898229 0.951917 0.264981 0.0845801 0.954847 0.205986 0.0567453 0.888328 0.606111 0.129616 0.0738935 0.163238 0.921306 0.432506 0.971857 0.997694 0.0600813 0.954847 0.727632 0.997164 0.0155902 0.965916 0.191659 0.855449 0.773149 0.598448 0.0109384 0.0229736 0.150932 0.20811 0.902166 0.354647 0.556592 0.00786537 0.146758 0.0964851 0.952993 0.578964 0.151192 0.831504 0.995353 0.947856 0.526384 0.0249353 0.967652 0.125697 0.626013 0.110946 0.925627 0.894258 0.0740755 0.179359 0.978997 0.206 0.979441 0.967892 0.947261 0.320973 0.480269 0.199476 0.88283 0.138132 0.104603 0.0587932 0.0182854 0.136589 0.0409654 0.331773 0.0119569 0.86959 0.0352037 0.0254059 0.0554267 0.228455 0.121166 0.00784715 0.0468224 0.0228135 0.0312796 0.190888 0.00756943 0.0418537 0.109651 0.0179201 0.0210197 0.00687153 0.0149773 0.0168011 0.0362375 0.0256946 0.0185098 0.00764021 0.16122 0.0109792 0.00887173 0.034252 0.0296647 0.0204294 0.100296 0.032975 0.0364984 0.925953 0.874348 0.977374 0.00413046 0.0358707 0.818986 0.0110223 0.889361 0.0260514 0.011655 0.657899 0.131181 0.0127817 0.138551 0.306757 0.147264 0.972896 0.879626 0.837841 0.0672067 0.024575 0.0442546 0.0185097
0.907105 0.0255952 0.923578 0.935204 0.0285786 0.244113 0.632012 0.948018 0.887097 0.918194 1 0.965964 0.420725 0.88069 0.987518 0.665218 0.929466 0.923578 0.0294381 0.396174 0.998315 0.261391 0.85418 0.205816 0.628072 0.828578 0.610931 0.177447 0.174202 1 0.0188193 0.0527643 0.855199 0.998315 0.345675 0.144597 0.361804 0.95745 0.875329 0.169429 0.85418 0.774896 0.899816 0.127807 0.802055 0.0452905 0.800753 0.0383029 0.137047 0.0443218 0.352741 0.877127 0.965964 0.029466 0.0362788 0.841223 0.868081 0.807765 0.883233 0.27969 0.922848 0.205952 0.661416 0.493084 0.853154 0.897244 0.308649 0.0992914 0.882933 0.234241 0.069431 0.839044 0.638784 0.154714 0.0925286 0.209473 0.784911 0.493084 0.920626 0.922848 0.0699091 0.882933 0.85418 0.916538 0.0186659 0.973296 0.238532 0.875329 0.736769 0.743334 0.0131361 0.0300495 0.190163 0.223852 0.858281 0.426898 0.602193 0.00968568 0.179726 0.116927 0.88069 0.726851 0.191702 0.890327 0.938373 0.815832 0.654837 0.0293212 0.9429 0.145161 0.63207 0.143062 0.902764 0.850976 0.0817428 0.208539 0.935204 0.22104 0.923578 0.907105 0.979588 0.388006 0.59197 0.231787 0.98113 0.179786 0.121143 0.068906 0.0219043 0.176866 0.0473976 0.417069 0.0143913 0.798291 0.0418808 0.0302352 0.0701032 0.191291 0.150705 0.00955372 0.0542972 0.0276781 0.038756 0.232379 0.00918106 0.0530965 0.132697 0.021507 0.0255153 0.00864367 0.0190979 0.0198432 0.0443511 0.0307184 0.0221749 0.00937006 0.19859 0.0140567 0.0110403 0.0449534 0.0344288 0.0246736 0.134202 0.0410597 0.0476152 0.978221 0.928862 0.885147 0.00519141 0.0438189 0.96114 0.0132761 0.945724 0.0312963 0.0140824 0.754775 0.171279 0.0152019 0.180509 0.383423 0.190308 0.863473 0.821825 0.925283 0.0787247 0.0315761 0.0575359 0.0222724
0.819015 0.0310761 0.884693 0.857423 0.0323176 0.239382 0.61567 0.868172 0.819176 0.868689 0.965964 1 0.471357 0.787984 0.946378 0.645265 0.839781 0.884693 0.0328312 0.423983 0.975102 0.242744 0.889864 0.199838 0.61284 0.78792 0.683693 0.182564 0.179153 0.965964 0.0222946 0.055593 0.832968 0.975102 0.346962 0.149992 0.350743 0.883657 0.797062 0.179637 0.889864 0.746155 0.848011 0.123449 0.806516 0.054266 0.782807 0.0394953 0.164163 0.0511849 0.382326 0.876313 1 0.033833 0.0381577 0.752659 0.826499 0.805689 0.827526 0.295171 0.876078 0.20488 0.7115 0.520885 0.753114 0.807125 0.325877 0.118874 0.790722 0.245312 0.0765458 0.738672 0.636196 0.172607 0.096166 0.214903 0.727039 0.520885 0.885221 0.876078 0.0853662 0.790722 0.889864 0.867237 0.0221082 0.913709 0.255632 0.797062 0.70027 0.791972 0.0151635 0.0310286 0.19795 0.214898 0.758632 0.492723 0.60276 0.0110116 0.199757 0.118051 0.787984 0.741359 0.195747 0.827755 0.897451 0.749947 0.709277 0.033751 0.864361 0.176927 0.627834 0.152033 0.819142 0.756593 0.093093 0.218794 0.857423 0.211867 0.884693 0.819015 0.921842 0.444851 0.595212 0.245009 0.94759 0.184428 0.146148 0.0829048 0.025935 0.176474 0.056082 0.454145 0.0169595 0.722388 0.0482342 0.0360455 0.077146 0.193413 0.168413 0.010787 0.0640928 0.0319005 0.0430634 0.261467 0.0104288 0.0579876 0.151567 0.0253061 0.0294373 0.00972642 0.0206699 0.0238014 0.0503848 0.0365026 0.0262273 0.0105074 0.214614 0.0154093 0.0125653 0.0454502 0.0407703 0.0290173 0.138604 0.0457983 0.0490998 0.987046 0.886941 0.838222 0.00578277 0.0502195 0.971899 0.015631 0.910276 0.0357865 0.0164854 0.816551 0.176258 0.0180932 0.185023 0.423194 0.197071 0.812009 0.748475 0.957167 0.0939104 0.0332243 0.0594219 0.026269
0.320123 0.0495971 0.33558 0.333534 0.0552157 0.0963008 0.438596 0.34682 0.411258 0.344825 0.420725 0.471357 1 0.3085 0.389558 0.500761 0.326792 0.33558 0.0655959 0.765833 0.429454 0.16885 0.512091 0.0816292 0.34069 0.412602 0.787022 0.20825 0.203069 0.420725 0.0396145 0.0815197 0.425832 0.429454 0.186764 0.182223 0.174827 0.353897 0.403302 0.335221 0.512091 0.441664 0.333613 0.0510333 0.594191 0.0684468 0.431017 0.0646845 0.394068 0.0795012 0.749419 0.545518 0.471357 0.0599965 0.0598612 0.366037 0.501169 0.593346 0.322679 0.133714 0.348607 0.157623 0.741405 0.32263 0.294394 0.304518 0.18889 0.196391 0.30949 0.139444 0.144188 0.288803 0.34607 0.406324 0.115834 0.20508 0.297465 0.32263 0.333746 0.348607 0.121402 0.30949 0.512091 0.345935 0.039452 0.365831 0.361321 0.403302 0.392759 0.671671 0.0130981 0.0574409 0.464747 0.0983854 0.296536 0.901956 0.317471 0.00937618 0.240964 0.0551073 0.3085 0.665893 0.384129 0.430303 0.36014 0.295044 0.730812 0.0211648 0.356066 0.337969 0.502464 0.225765 0.311757 0.287951 0.0480786 0.130702 0.333534 0.0969199 0.33558 0.320123 0.364357 0.845701 0.718179 0.145651 0.412014 0.209533 0.372074 0.0930513 0.0444698 0.210078 0.0574155 0.960605 0.0258186 0.325461 0.0409507 0.0641523 0.0672913 0.0766007 0.139984 0.00923015 0.0638172 0.0517255 0.0521583 0.263396 0.00910831 0.0501786 0.13521 0.04114 0.0484287 0.0101556 0.0277496 0.0312396 0.0861884 0.0517633 0.025992 0.00842706 0.215431 0.0179568 0.0148041 0.069898 0.0482278 0.0434055 0.203973 0.0745781 0.0772176 0.433208 0.437945 0.345846 0.0079336 0.0860291 0.498354 0.0245708 0.440942 0.0287595 0.0194464 0.656926 0.204934 0.0313201 0.208455 0.408742 0.227898 0.332457 0.339691 0.488188 0.10475 0.0512063 0.101745 0.0421286
0.996844 0.0182486 0.917019 0.975074 0.0206167 0.221824 0.592793 0.981353 0.869222 0.952993 0.88069 0.787984 0.3085 1 0.877635 0.617241 0.97165 0.917019 0.0215029 0.298565 0.863275 0.225702 0.664821 0.180498 0.572295 0.818813 0.449888 0.131808 0.129639 0.88069 0.0133879 0.0390267 0.83135 0.863275 0.279439 0.108599 0.314551 0.973272 0.86821 0.129029 0.664821 0.735349 0.956467 0.112892 0.622474 0.0327831 0.793471 0.028435 0.0999626 0.031829 0.263096 0.715069 0.787984 0.0212416 0.0268668 0.896571 0.750406 0.631211 0.959898 0.247611 0.951648 0.165172 0.492041 0.389446 0.958567 0.984017 0.240898 0.0713581 0.999972 0.186467 0.0514641 0.955502 0.555474 0.117031 0.0697119 0.156869 0.922215 0.389446 0.902423 0.951648 0.0495856 0.999972 0.664821 0.955806 0.0132796 0.934616 0.18113 0.86821 0.730826 0.555577 0.00945541 0.0223942 0.145284 0.200797 0.960006 0.309843 0.510264 0.00693566 0.132498 0.0920499 1 0.557864 0.148668 0.822164 0.9423 0.957547 0.487416 0.0213772 0.971868 0.104517 0.573929 0.104549 0.932668 0.937576 0.0621647 0.163569 0.975074 0.199056 0.917019 0.996844 0.921361 0.281986 0.467757 0.181093 0.845538 0.13369 0.0878424 0.0494028 0.015553 0.135597 0.034543 0.304847 0.0102181 0.910831 0.0305062 0.0214728 0.0509281 0.194887 0.109475 0.00692585 0.0395149 0.0198919 0.0280924 0.169534 0.00664831 0.0386725 0.0961034 0.0153238 0.0183153 0.00615259 0.0138948 0.0141447 0.0320934 0.0217553 0.0158168 0.00677801 0.147841 0.0100927 0.00784204 0.033886 0.0250049 0.0175246 0.0974517 0.029725 0.0355052 0.844921 0.856742 0.942734 0.00374392 0.0315685 0.770289 0.00942941 0.862591 0.0227397 0.0100221 0.582954 0.126937 0.010821 0.134214 0.27935 0.141355 0.94498 0.912456 0.760262 0.0567598 0.0233899 0.0429867 0.0158321
0.905509 0.0244391 0.930278 0.934936 0.0269253 0.243574 0.610509 0.944357 0.866016 0.914384 0.987518 0.946378 0.389558 0.877635 1 0.644815 0.945297 0.930278 0.0275625 0.370065 0.982591 0.250221 0.840056 0.209322 0.617008 0.801094 0.573233 0.166655 0.163479 0.987518 0.0177391 0.0492601 0.840833 0.982591 0.339223 0.136453 0.35581 0.950381 0.86336 0.155281 0.840056 0.764898 0.889221 0.130048 0.7713 0.0436535 0.778102 0.0357316 0.125921 0.0417322 0.327131 0.845086 0.946378 0.0275838 0.033884 0.8294 0.842214 0.774903 0.877549 0.277537 0.91477 0.196086 0.623226 0.479196 0.867277 0.907095 0.30024 0.0929207 0.879895 0.228676 0.0654609 0.851877 0.63228 0.141555 0.0874696 0.197318 0.769143 0.479196 0.932136 0.91477 0.0649105 0.879895 0.840056 0.907224 0.0175969 0.970722 0.219958 0.86336 0.733271 0.707113 0.0128029 0.028088 0.175765 0.220821 0.872518 0.397385 0.597116 0.00934812 0.170281 0.116827 0.877635 0.693409 0.180105 0.878683 0.928724 0.802049 0.615363 0.0289294 0.928518 0.134206 0.605688 0.133741 0.925298 0.870014 0.0815384 0.2029 0.934936 0.218007 0.930278 0.905509 0.989877 0.358616 0.564595 0.226382 0.985404 0.169398 0.111555 0.0660125 0.0206214 0.166624 0.0453685 0.38378 0.0136002 0.78053 0.0406466 0.0284416 0.0668977 0.189368 0.144481 0.00920881 0.0521607 0.0260683 0.0366325 0.221332 0.00886905 0.0505965 0.126901 0.0203601 0.0240216 0.00829869 0.0182386 0.018949 0.0415498 0.0293296 0.0216067 0.00908809 0.187185 0.0132989 0.010543 0.0419687 0.0331521 0.0232389 0.12496 0.0384795 0.0444326 0.965929 0.898303 0.868399 0.00490815 0.041065 0.936219 0.0125322 0.914513 0.0306215 0.0133331 0.728709 0.161083 0.0143709 0.170244 0.363084 0.179351 0.849275 0.801299 0.911018 0.0754091 0.029505 0.0534849 0.021084
0.630448 0.0208696 0.636259 0.644268 0.0229172 0.149862 0.945482 0.652249 0.767004 0.658991 0.665218 0.645265 0.500761 0.617241 0.644815 1 0.627042 0.636259 0.0276825 0.549723 0.658829 0.207752 0.700588 0.12382 0.707422 0.803106 0.520322 0.13725 0.134822 0.665218 0.0167249 0.0359229 0.790932 0.658829 0.23277 0.157544 0.248026 0.655483 0.768239 0.173054 0.700588 0.802137 0.643064 0.0802067 0.648328 0.0301717 0.808145 0.0291012 0.142638 0.0323502 0.478262 0.747601 0.645265 0.0242627 0.0266923 0.7391 0.721976 0.664773 0.63601 0.189599 0.657889 0.176311 0.538416 0.374439 0.587833 0.6054 0.210004 0.0765429 0.618507 0.160133 0.0678124 0.57954 0.708835 0.197365 0.0967474 0.163862 0.589501 0.374439 0.633266 0.657889 0.0490941 0.618507 0.700588 0.656224 0.0166188 0.663445 0.186345 0.768239 0.779233 0.609587 0.00672901 0.025908 0.225209 0.155949 0.59095 0.44727 0.438917 0.0046221 0.134463 0.0665219 0.617241 0.601527 0.209969 0.773292 0.665001 0.595279 0.529346 0.0145359 0.657722 0.125075 0.948965 0.12841 0.611693 0.582472 0.0463241 0.149061 0.644268 0.154256 0.636259 0.630448 0.645275 0.469364 0.674769 0.162375 0.645791 0.139361 0.132354 0.0414335 0.0189226 0.137228 0.0265443 0.502351 0.010591 0.578686 0.0193163 0.0267147 0.0332311 0.139352 0.0829573 0.00476185 0.0302267 0.0217868 0.0234471 0.130145 0.00466738 0.0248163 0.0650516 0.0185654 0.020392 0.00459524 0.013072 0.0134426 0.0364613 0.0235559 0.0116222 0.00441697 0.169547 0.00761256 0.00670656 0.0355889 0.0221914 0.0184539 0.114205 0.0321325 0.036506 0.666676 0.639575 0.64666 0.00341266 0.0357119 0.627068 0.0104507 0.648246 0.0136293 0.00856648 0.730175 0.132565 0.0130391 0.133785 0.219163 0.145867 0.636048 0.591605 0.62453 0.0477648 0.0235576 0.0483927 0.0182229
0.982327 0.0195733 0.939154 0.979443 0.0220483 0.232617 0.596634 0.987448 0.878701 0.947851 0.929466 0.839781 0.326792 0.97165 0.945297 0.627042 1 0.939154 0.0228222 0.318605 0.912765 0.23656 0.725846 0.195752 0.594397 0.809021 0.479288 0.141937 0.139463 0.929466 0.0142318 0.0417003 0.834327 0.912765 0.301717 0.116508 0.333202 0.981236 0.884868 0.13507 0.725846 0.756344 0.935075 0.122207 0.67615 0.0354041 0.782601 0.0304774 0.103823 0.0339274 0.27971 0.761166 0.839781 0.0225563 0.028727 0.890445 0.795854 0.682534 0.935003 0.256458 0.944413 0.174538 0.529276 0.418023 0.966606 0.98708 0.259391 0.0751446 0.972458 0.200118 0.055329 0.957822 0.587531 0.120848 0.0748834 0.168221 0.852439 0.418023 0.932477 0.944413 0.0516542 0.972458 0.725846 0.943043 0.01412 0.963814 0.190661 0.884868 0.744182 0.600599 0.010303 0.0240511 0.154351 0.210731 0.969408 0.32826 0.544156 0.00749405 0.142598 0.101177 0.97165 0.604941 0.160297 0.858966 0.943196 0.893839 0.522369 0.0233882 0.966104 0.108951 0.578415 0.112356 0.97257 0.958006 0.0677347 0.175921 0.979443 0.20862 0.939154 0.982327 0.972479 0.29705 0.50542 0.195564 0.916003 0.144315 0.0915527 0.0531832 0.0164945 0.145986 0.0369641 0.323633 0.0108722 0.856712 0.0331086 0.0227533 0.0549756 0.190307 0.118711 0.00746096 0.0424245 0.0212053 0.0300629 0.181671 0.00718223 0.0416492 0.102852 0.0163338 0.0195471 0.00664536 0.0150817 0.0151671 0.0341593 0.0233986 0.0173106 0.00733809 0.158465 0.0108433 0.00845632 0.0362129 0.0269654 0.0185696 0.104804 0.0316019 0.0379758 0.889381 0.870598 0.911448 0.00400517 0.0335977 0.827539 0.0100247 0.878937 0.0248797 0.010667 0.62502 0.136983 0.011499 0.145116 0.299718 0.152665 0.90548 0.866124 0.811146 0.0610303 0.0249903 0.0458542 0.0168927
0.939654 0.0233296 1 0.968078 0.023403 0.235527 0.623408 0.952544 0.846476 0.979441 0.923578 0.884693 0.33558 0.917019 0.930278 0.636259 0.939154 1 0.0240238 0.308611 0.913951 0.213703 0.755754 0.191596 0.589194 0.836289 0.485363 0.134615 0.132287 0.923578 0.016397 0.0403583 0.888565 0.913951 0.297993 0.113626 0.324349 0.958612 0.830205 0.128251 0.755754 0.761222 0.973293 0.119448 0.64124 0.0410089 0.814851 0.0284191 0.115826 0.0376984 0.272904 0.750219 0.884693 0.0244113 0.0277831 0.831911 0.737979 0.646702 0.967963 0.295729 0.979547 0.171376 0.518756 0.441697 0.892523 0.945554 0.270197 0.0860101 0.91938 0.205601 0.0565816 0.880328 0.604055 0.122984 0.0728759 0.162611 0.849322 0.441697 0.997927 0.979547 0.0632392 0.91938 0.755754 0.97488 0.016254 0.968854 0.181801 0.830205 0.759028 0.600749 0.011516 0.0223694 0.145249 0.208356 0.896962 0.347404 0.554716 0.00837169 0.145039 0.100418 0.917019 0.573815 0.146216 0.820561 0.983369 0.902519 0.514507 0.0264321 0.943661 0.125962 0.604637 0.108617 0.945968 0.903761 0.0782518 0.182682 0.968078 0.206137 1 0.939654 0.961904 0.312027 0.470626 0.203311 0.909696 0.136243 0.103161 0.0614659 0.0192347 0.132817 0.0422433 0.320841 0.0126364 0.796648 0.0366396 0.0266905 0.0553946 0.226287 0.121246 0.00813337 0.0485201 0.0235572 0.0314777 0.191676 0.0078691 0.0417244 0.111909 0.0187793 0.0216451 0.00729484 0.0153078 0.0177837 0.0365181 0.0274103 0.019832 0.00798493 0.1581 0.0112682 0.00937628 0.0332797 0.0308371 0.0214562 0.0980613 0.0333639 0.0355344 0.934923 0.839673 0.927204 0.00419717 0.0362753 0.818995 0.0116229 0.856992 0.0273534 0.0123142 0.655167 0.1295 0.0134608 0.136444 0.303864 0.144711 0.916678 0.810758 0.823998 0.0698927 0.0242494 0.0432199 0.0194188
0.0224785 0.0376325 0.0240238 0.0242083 0.739412 0.0105585 0.026798 0.0241901 0.0229792 0.0239409 0.0294381 0.0328312 0.0655959 0.0215029 0.0275625 0.0276825 0.0228222 0.0240238 1 0.0511942 0.0300905 0.0263243 0.0292144 0.00952762 0.0239804 0.024671 0.0520669 0.0366472 0.036169 0.0294381 0.609306 0.107431 0.0244637 0.0300905 0.0146141 0.0361764 0.0136872 0.0247683 0.0228422 0.0756733 0.0292144 0.0275289 0.0233412 0.0061462 0.0345138 0.0435503 0.0253025 0.552448 0.137627 0.122869 0.0552536 0.030124 0.0328312 0.77947 0.119189 0.0207155 0.0282465 0.0348544 0.022623 0.014272 0.0241221 0.0293297 0.0439362 0.0257417 0.0205439 0.0216849 0.0147376 0.127958 0.0215881 0.0101979 0.0477026 0.0200433 0.0251457 0.122728 0.0233722 0.0341605 0.0197369 0.0257417 0.0241445 0.0241221 0.0736532 0.0215881 0.0292144 0.023868 0.613928 0.0265786 0.0797375 0.0228422 0.0255821 0.0382689 0.00756856 0.575384 0.093887 0.00814201 0.0207121 0.0741518 0.0246084 0.00811837 0.0290222 0.00841922 0.0215029 0.039829 0.0765877 0.0250844 0.0249719 0.0202396 0.0429529 0.00637726 0.0253698 0.144612 0.0306877 0.178774 0.0223538 0.0202139 0.0102144 0.010896 0.0242083 0.00808202 0.0240238 0.0224785 0.0259827 0.0721311 0.0387259 0.0121717 0.0289623 0.0370059 0.141226 0.0372724 0.10602 0.0389649 0.0307142 0.0622108 0.0633778 0.0223083 0.0235451 0.126203 0.017471 0.00818964 0.0193251 0.00612123 0.032301 0.124621 0.0679472 0.0607065 0.00628892 0.0142809 0.0482563 0.373761 0.12513 0.0330625 0.0647932 0.0294397 0.589394 0.0851096 0.023189 0.00532581 0.0159558 0.0586145 0.0494921 0.346036 0.0292724 0.325732 0.142795 0.535843 0.497034 0.0300682 0.0304876 0.0231961 0.103622 0.580464 0.0345443 0.0837361 0.0305332 0.0166318 0.0311874 0.041268 0.0371077 0.0592541 0.0392102 0.0580163 0.0398419 0.0223264 0.0232556 0.033283 0.0380647 0.119039 0.470935 0.351108
0.307919 0.0376154 0.308611 0.313127 0.0428363 0.0868945 0.473755 0.333215 0.404695 0.319678 0.396174 0.423983 0.765833 0.298565 0.370065 0.549723 0.318605 0.308611 0.0511942 1 0.400976 0.147486 0.469932 0.074364 0.342052 0.380316 0.668818 0.169276 0.165441 0.396174 0.031481 0.0667252 0.380297 0.400976 0.175274 0.168392 0.164442 0.337218 0.402145 0.343516 0.469932 0.39897 0.307537 0.0462277 0.580173 0.0550537 0.4017 0.0569743 0.25907 0.0578289 0.965432 0.52232 0.423983 0.0455649 0.0498363 0.366799 0.508651 0.569609 0.297836 0.108082 0.322491 0.128614 0.689625 0.28537 0.285129 0.293667 0.170399 0.139418 0.299232 0.125655 0.12734 0.280678 0.339039 0.39567 0.103262 0.164032 0.277372 0.28537 0.305993 0.322491 0.0865256 0.299232 0.469932 0.320169 0.0312785 0.339935 0.351744 0.402145 0.3509 0.617733 0.0107507 0.0516757 0.422932 0.0932143 0.286958 0.697854 0.27689 0.00763208 0.210186 0.0516121 0.298565 0.653807 0.384645 0.420139 0.332471 0.275531 0.684093 0.0180845 0.33132 0.228695 0.52348 0.191075 0.297662 0.279761 0.0397096 0.116772 0.313127 0.091666 0.308611 0.307919 0.345305 0.806973 0.727935 0.132022 0.38762 0.171222 0.246255 0.0731639 0.0347737 0.18206 0.046519 0.76732 0.0186321 0.295014 0.0338604 0.0492907 0.0572258 0.0612675 0.117985 0.00760931 0.0518957 0.0393562 0.0418823 0.214316 0.0075093 0.0424343 0.105514 0.0350364 0.0369699 0.00815374 0.0270385 0.0239805 0.0679246 0.0434604 0.0205454 0.00691185 0.191153 0.0138441 0.0121741 0.0684708 0.0408124 0.0333752 0.17401 0.0593244 0.0713232 0.393355 0.387787 0.321113 0.00634465 0.0665549 0.4588 0.0188394 0.393458 0.0237745 0.0147086 0.548668 0.167011 0.0234003 0.168667 0.330102 0.183071 0.30902 0.307421 0.448615 0.0834625 0.0442242 0.0932168 0.0346733
0.890821 0.0263046 0.913951 0.921096 0.0293681 0.244306 0.624351 0.934562 0.879035 0.906893 0.998315 0.975102 0.429454 0.863275 0.982591 0.658829 0.912765 0.913951 0.0300905 0.400976 1 0.260227 0.862847 0.205555 0.62166 0.818111 0.626783 0.179814 0.176532 0.998315 0.0193454 0.0537378 0.849594 1 0.34781 0.146707 0.361592 0.945937 0.862487 0.17146 0.862847 0.767142 0.889061 0.127571 0.808298 0.0466819 0.796681 0.0389765 0.141181 0.0454534 0.358152 0.88181 0.975102 0.0303313 0.0369054 0.826269 0.864756 0.812621 0.870622 0.280869 0.912729 0.207626 0.673873 0.498963 0.831598 0.880366 0.312908 0.102398 0.865639 0.23776 0.070526 0.817364 0.633341 0.157962 0.093922 0.212398 0.771943 0.498963 0.911035 0.912729 0.0717388 0.865639 0.862847 0.906035 0.0191884 0.963761 0.243011 0.862487 0.726265 0.756018 0.0135151 0.0304991 0.191221 0.223282 0.836853 0.437589 0.603549 0.00995024 0.183711 0.117726 0.863275 0.732305 0.192361 0.88057 0.929962 0.802133 0.66801 0.0300652 0.930995 0.149755 0.62867 0.145902 0.883717 0.829343 0.0832654 0.211159 0.921096 0.220442 0.913951 0.890821 0.971321 0.397224 0.593022 0.234783 0.976675 0.182053 0.124867 0.0710975 0.0224821 0.177969 0.0488824 0.423922 0.0147739 0.787261 0.043236 0.0310446 0.0722353 0.190556 0.155264 0.00983155 0.0559478 0.0283708 0.0397408 0.238797 0.00945282 0.0546755 0.136673 0.0220925 0.0261591 0.00889439 0.019561 0.0204282 0.0454952 0.031537 0.0228635 0.00962991 0.202236 0.0144401 0.0113359 0.0455425 0.035492 0.0253623 0.1363 0.0420343 0.0484493 0.981002 0.930246 0.875077 0.00534926 0.0450445 0.970185 0.0136306 0.947789 0.032305 0.0144723 0.763668 0.17359 0.0156254 0.182917 0.393836 0.193054 0.851942 0.812071 0.931056 0.0811441 0.0321297 0.0582738 0.0228979
0.230754 0.00862714 0.213703 0.23682 0.0294915 0.0623645 0.185768 0.242864 0.25781 0.219985 0.261391 0.242744 0.16885 0.225702 0.250221 0.207752 0.23656 0.213703 0.0263243 0.147486 0.260227 1 0.231067 0.0535781 0.167024 0.231323 0.207244 0.770654 0.776842 0.261391 0.0129132 0.103449 0.228717 0.260227 0.0992872 0.101237 0.102771 0.244116 0.263472 0.0632188 0.231067 0.206335 0.214845 0.0341967 0.264759 0.0123505 0.215667 0.0410627 0.0565624 0.0959566 0.130165 0.265065 0.242744 0.0255146 0.0573742 0.249016 0.280605 0.274381 0.209878 0.0715519 0.220538 0.44739 0.215984 0.141555 0.221333 0.223682 0.0851625 0.0381617 0.226024 0.0629439 0.02573 0.21718 0.16544 0.0667643 0.0640554 0.851057 0.191988 0.141555 0.212556 0.220538 0.0218146 0.226024 0.231067 0.219767 0.0129319 0.248432 0.084858 0.263472 0.193377 0.229906 0.00452442 0.033453 0.0859483 0.0637511 0.222451 0.157838 0.17284 0.00961827 0.0608464 0.0329472 0.225702 0.249571 0.0763133 0.272924 0.225123 0.196685 0.210976 0.00889608 0.248799 0.0539964 0.188272 0.146468 0.226902 0.215468 0.0223592 0.0604248 0.23682 0.0631078 0.213703 0.230754 0.245002 0.138623 0.214158 0.0666998 0.254798 0.784854 0.052739 0.0210783 0.0342575 0.75458 0.0128438 0.173297 0.0259253 0.225724 0.0112843 0.033546 0.0219443 0.0467651 0.0467673 0.00398906 0.0158073 0.0544196 0.0662845 0.079737 0.00365712 0.0182734 0.044955 0.0180509 0.0487328 0.00376169 0.0101245 0.00642684 0.0349507 0.020542 0.00659325 0.00380111 0.0708753 0.0251648 0.0284094 0.0583577 0.0094538 0.0175232 0.115769 0.0351717 0.0504622 0.240382 0.272268 0.215741 0.0046606 0.0371849 0.263814 0.0323859 0.26922 0.00820773 0.0191193 0.214782 0.766618 0.0082675 0.755365 0.133402 0.766835 0.20995 0.232844 0.241392 0.0238546 0.0607081 0.0469913 0.0159727
